%YAML:1.0
aruco_bc_dict: ARUCO_MIP_36h12
aruco_bc_nmarkers: 35
aruco_bc_mInfoType: 0
aruco_bc_markers:
   - { id:186, corners:[ [ -580., -620., 0. ], [ -380., -620., 0. ], [
       -380., -820., 0. ], [ -580., -820., 0. ] ] }
   - { id:235, corners:[ [ -340., -620., 0. ], [ -140., -620., 0. ], [
       -140., -820., 0. ], [ -340., -820., 0. ] ] }
   - { id:58, corners:[ [ -100., -620., 0. ], [ 100., -620., 0. ], [
       100., -820., 0. ], [ -100., -820., 0. ] ] }
   - { id:143, corners:[ [ 140., -620., 0. ], [ 340., -620., 0. ], [
       340., -820., 0. ], [ 140., -820., 0. ] ] }
   - { id:101, corners:[ [ 380., -620., 0. ], [ 580., -620., 0. ], [
       580., -820., 0. ], [ 380., -820., 0. ] ] }
   - { id:63, corners:[ [ -580., -380., 0. ], [ -380., -380., 0. ], [
       -380., -580., 0. ], [ -580., -580., 0. ] ] }
   - { id:41, corners:[ [ -340., -380., 0. ], [ -140., -380., 0. ], [
       -140., -580., 0. ], [ -340., -580., 0. ] ] }
   - { id:144, corners:[ [ -100., -380., 0. ], [ 100., -380., 0. ], [
       100., -580., 0. ], [ -100., -580., 0. ] ] }
   - { id:141, corners:[ [ 140., -380., 0. ], [ 340., -380., 0. ], [
       340., -580., 0. ], [ 140., -580., 0. ] ] }
   - { id:188, corners:[ [ 380., -380., 0. ], [ 580., -380., 0. ], [
       580., -580., 0. ], [ 380., -580., 0. ] ] }
   - { id:81, corners:[ [ -580., -140., 0. ], [ -380., -140., 0. ], [
       -380., -340., 0. ], [ -580., -340., 0. ] ] }
   - { id:217, corners:[ [ -340., -140., 0. ], [ -140., -140., 0. ], [
       -140., -340., 0. ], [ -340., -340., 0. ] ] }
   - { id:138, corners:[ [ -100., -140., 0. ], [ 100., -140., 0. ], [
       100., -340., 0. ], [ -100., -340., 0. ] ] }
   - { id:151, corners:[ [ 140., -140., 0. ], [ 340., -140., 0. ], [
       340., -340., 0. ], [ 140., -340., 0. ] ] }
   - { id:229, corners:[ [ 380., -140., 0. ], [ 580., -140., 0. ], [
       580., -340., 0. ], [ 380., -340., 0. ] ] }
   - { id:85, corners:[ [ -580., 100., 0. ], [ -380., 100., 0. ], [
       -380., -100., 0. ], [ -580., -100., 0. ] ] }
   - { id:0, corners:[ [ -340., 100., 0. ], [ -140., 100., 0. ], [ -140.,
       -100., 0. ], [ -340., -100., 0. ] ] }
   - { id:240, corners:[ [ -100., 100., 0. ], [ 100., 100., 0. ], [ 100.,
       -100., 0. ], [ -100., -100., 0. ] ] }
   - { id:110, corners:[ [ 140., 100., 0. ], [ 340., 100., 0. ], [ 340.,
       -100., 0. ], [ 140., -100., 0. ] ] }
   - { id:183, corners:[ [ 380., 100., 0. ], [ 580., 100., 0. ], [ 580.,
       -100., 0. ], [ 380., -100., 0. ] ] }
   - { id:15, corners:[ [ -580., 340., 0. ], [ -380., 340., 0. ], [
       -380., 140., 0. ], [ -580., 140., 0. ] ] }
   - { id:33, corners:[ [ -340., 340., 0. ], [ -140., 340., 0. ], [
       -140., 140., 0. ], [ -340., 140., 0. ] ] }
   - { id:199, corners:[ [ -100., 340., 0. ], [ 100., 340., 0. ], [ 100.,
       140., 0. ], [ -100., 140., 0. ] ] }
   - { id:124, corners:[ [ 140., 340., 0. ], [ 340., 340., 0. ], [ 340.,
       140., 0. ], [ 140., 140., 0. ] ] }
   - { id:241, corners:[ [ 380., 340., 0. ], [ 580., 340., 0. ], [ 580.,
       140., 0. ], [ 380., 140., 0. ] ] }
   - { id:175, corners:[ [ -580., 580., 0. ], [ -380., 580., 0. ], [
       -380., 380., 0. ], [ -580., 380., 0. ] ] }
   - { id:104, corners:[ [ -340., 580., 0. ], [ -140., 580., 0. ], [
       -140., 380., 0. ], [ -340., 380., 0. ] ] }
   - { id:44, corners:[ [ -100., 580., 0. ], [ 100., 580., 0. ], [ 100.,
       380., 0. ], [ -100., 380., 0. ] ] }
   - { id:234, corners:[ [ 140., 580., 0. ], [ 340., 580., 0. ], [ 340.,
       380., 0. ], [ 140., 380., 0. ] ] }
   - { id:201, corners:[ [ 380., 580., 0. ], [ 580., 580., 0. ], [ 580.,
       380., 0. ], [ 380., 380., 0. ] ] }
   - { id:207, corners:[ [ -580., 820., 0. ], [ -380., 820., 0. ], [
       -380., 620., 0. ], [ -580., 620., 0. ] ] }
   - { id:99, corners:[ [ -340., 820., 0. ], [ -140., 820., 0. ], [
       -140., 620., 0. ], [ -340., 620., 0. ] ] }
   - { id:146, corners:[ [ -100., 820., 0. ], [ 100., 820., 0. ], [ 100.,
       620., 0. ], [ -100., 620., 0. ] ] }
   - { id:3, corners:[ [ 140., 820., 0. ], [ 340., 820., 0. ], [ 340.,
       620., 0. ], [ 140., 620., 0. ] ] }
   - { id:169, corners:[ [ 380., 820., 0. ], [ 580., 820., 0. ], [ 580.,
       620., 0. ], [ 380., 620., 0. ] ] }
